>> Solution_PDETEst
t = 0.100
Приближенное - Точное
0.000001	0.000001
0.000001	0.000000
0.000000	0.000000
0.000000	0.000000
0.000000	0.000000
0.000000	0.000000
0.000000	0.000000
0.000000	0.000000
0.000000	0.000000
0.000000	0.000000
0.000000	0.000000
0.000000	0.000000
0.000000	0.000000
0.000000	0.000000
0.000000	0.000000
0.000000	0.000000
0.000000	0.000000
0.000000	0.000000
0.000000	0.000000
0.000000	0.000000
0.000000	0.000000
-------------------------------------------
t = 0.200
Приближенное - Точное
0.000684	0.000684
0.000337	0.000177
0.000162	0.000041
0.000076	0.000009
0.000035	0.000002
0.000016	0.000000
0.000007	0.000000
0.000003	0.000000
0.000001	0.000000
0.000001	0.000000
0.000000	0.000000
0.000000	0.000000
0.000000	0.000000
0.000000	0.000000
0.000000	0.000000
0.000000	0.000000
0.000000	0.000000
0.000000	0.000000
0.000000	0.000000
0.000000	0.000000
0.000000	0.000000
-------------------------------------------
t = 0.300
Приближенное - Точное
0.007256	0.007256
0.004363	0.002903
0.002575	0.001083
0.001491	0.000376
0.000848	0.000122
0.000473	0.000037
0.000260	0.000010
0.000140	0.000003
0.000074	0.000001
0.000039	0.000000
0.000020	0.000000
0.000010	0.000000
0.000005	0.000000
0.000002	0.000000
0.000001	0.000000
0.000001	0.000000
0.000000	0.000000
0.000000	0.000000
0.000000	0.000000
0.000000	0.000000
0.000000	0.000000
-------------------------------------------
t = 0.400
Приближенное - Точное
0.025603	0.025604
0.017097	0.012732
0.011242	0.006016
0.007281	0.002702
0.004647	0.001153
0.002923	0.000467
0.001812	0.000180
0.001108	0.000066
0.000668	0.000023
0.000397	0.000007
0.000233	0.000002
0.000135	0.000001
0.000077	0.000000
0.000043	0.000000
0.000024	0.000000
0.000013	0.000000
0.000007	0.000000
0.000004	0.000000
0.000002	0.000000
0.000001	0.000000
0.000000	0.000000
-------------------------------------------
t = 0.500
Приближенное - Точное
0.057502	0.057502
0.041015	0.032657
0.028845	0.017799
0.020017	0.009319
0.013714	0.004690
0.009280	0.002269
0.006204	0.001055
0.004099	0.000471
0.002676	0.000202
0.001727	0.000083
0.001102	0.000033
0.000695	0.000012
0.000433	0.000005
0.000267	0.000002
0.000163	0.000001
0.000098	0.000000
0.000058	0.000000
0.000033	0.000000
0.000018	0.000000
0.000008	0.000000
0.000000	0.000000
-------------------------------------------
t = 0.600
Приближенное - Точное
0.102202	0.102203
0.076431	0.063633
0.056368	0.038218
0.041040	0.022186
0.029523	0.012462
0.020999	0.006777
0.014774	0.003570
0.010286	0.001821
0.007089	0.000899
0.004836	0.000430
0.003266	0.000199
0.002185	0.000089
0.001447	0.000038
0.000948	0.000016
0.000615	0.000007
0.000394	0.000003
0.000248	0.000001
0.000151	0.000000
0.000086	0.000000
0.000039	0.000000
0.000000	0.000000
-------------------------------------------
t = 0.700
Приближенное - Точное
0.157920	0.157921
0.122614	0.105408
0.093839	0.068046
0.070879	0.042592
0.052896	0.025898
0.039039	0.015315
0.028515	0.008814
0.020624	0.004939
0.014777	0.002694
0.010492	0.001431
0.007384	0.000740
0.005150	0.000372
0.003561	0.000182
0.002439	0.000087
0.001654	0.000040
0.001107	0.000018
0.000727	0.000008
0.000461	0.000003
0.000271	0.000001
0.000125	0.000001
0.000000	0.000000
-------------------------------------------
t = 0.800
Приближенное - Точное
0.222390	0.222393
0.178245	0.157024
0.140711	0.107352
0.109556	0.071272
0.084234	0.046059
0.064028	0.029024
0.048161	0.017855
0.035877	0.010731
0.026484	0.006303
0.019383	0.003619
0.014068	0.002031
0.010127	0.001114
0.007230	0.000597
0.005117	0.000313
0.003585	0.000160
0.002479	0.000080
0.001679	0.000039
0.001096	0.000019
0.000657	0.000009
0.000308	0.000004
0.000002	0.000002
-------------------------------------------
t = 0.900
Приближенное - Точное
0.293075	0.293077
0.241598	0.217014
0.196018	0.155673
0.156722	0.108500
0.123638	0.073672
0.096362	0.048840
0.074283	0.031665
0.056692	0.020100
0.042870	0.012502
0.032142	0.007622
0.023903	0.004556
0.017636	0.002670
0.012908	0.001534
0.009366	0.000864
0.006728	0.000477
0.004766	0.000258
0.003304	0.000137
0.002200	0.000071
0.001342	0.000036
0.000638	0.000018
0.000009	0.000009
-------------------------------------------
t = 1.000
Приближенное - Точное
0.367285	0.367284
0.310602	0.283488
0.258389	0.212055
0.211657	0.154126
0.170918	0.109144
0.136233	0.075491
0.107312	0.051103
0.083633	0.033911
0.064551	0.022084
0.049382	0.014124
0.037466	0.008875
0.028198	0.005481
0.021053	0.003327
0.015582	0.001984
0.011412	0.001163
0.008238	0.000670
0.005812	0.000379
0.003932	0.000211
0.002431	0.000115
0.001172	0.000062
0.000033	0.000033
-------------------------------------------
t = 1.200
Приближенное - Точное
0.515769	0.515767
0.456077	0.426844
0.396801	0.342892
0.339706	0.267689
0.286316	0.203490
0.237770	0.150981
0.194758	0.109599
0.157529	0.078009
0.125966	0.054541
0.099685	0.037512
0.078138	0.025406
0.060699	0.016957
0.046733	0.011159
0.035636	0.007242
0.026861	0.004636
0.019928	0.002927
0.014422	0.001823
0.009987	0.001120
0.006318	0.000678
0.003148	0.000405
0.000239	0.000239
-------------------------------------------
t = 1.400
Приближенное - Точное
0.649801	0.649801
0.595878	0.568336
0.538649	0.484195
0.479609	0.401573
0.420458	0.324359
0.362916	0.255489
0.308528	0.196621
0.258515	0.148164
0.213682	0.109559
0.174410	0.079654
0.140703	0.057034
0.112270	0.040271
0.088625	0.028070
0.069176	0.019327
0.053291	0.013152
0.040347	0.008848
0.029760	0.005886
0.020995	0.003872
0.013570	0.002519
0.007048	0.001620
0.001031	0.001031
-------------------------------------------
t = 1.600
Приближенное - Точное
0.758776	0.758777
0.715641	0.692391
0.667277	0.618502
0.614291	0.539824
0.557724	0.459822
0.498982	0.382167
0.439702	0.310118
0.381582	0.246040
0.326183	0.191199
0.274780	0.145831
0.228258	0.109387
0.187080	0.080838
0.151324	0.058948
0.120751	0.042468
0.094900	0.030255
0.073173	0.021330
0.054908	0.014889
0.039426	0.010293
0.026065	0.007049
0.014194	0.004782
0.003214	0.003214
-------------------------------------------
t = 1.800
Приближенное - Точное
0.840224	0.840232
0.808659	0.790826
0.771861	0.732541
0.729643	0.666202
0.682119	0.593598
0.629791	0.517398
0.573594	0.440815
0.514847	0.367113
0.455140	0.299088
0.396155	0.238704
0.339473	0.186963
0.286409	0.143985
0.237896	0.109235
0.194439	0.081774
0.156141	0.060494
0.122764	0.044274
0.093817	0.032087
0.068644	0.023044
0.046496	0.016407
0.026585	0.011585
0.008115	0.008114
-------------------------------------------
t = 2.000
Приближенное - Точное
0.897305	0.897305
0.875716	0.862932
0.849804	0.820616
0.819008	0.769929
0.782913	0.711068
0.741307	0.645035
0.694260	0.573696
0.642208	0.499647
0.585989	0.425885
0.526825	0.355351
0.466224	0.290499
0.405818	0.233004
0.347174	0.183681
0.291615	0.142575
0.240086	0.109161
0.193095	0.082572
0.150717	0.061793
0.112659	0.045800
0.078343	0.033651
0.046998	0.024526
0.017740	0.017740
-------------------------------------------
t = 2.200
Приближенное - Точное
0.935425	0.935429
0.921144	0.912641
0.903842	0.883737
0.882900	0.847816
0.857639	0.804203
0.827435	0.752644
0.791803	0.693500
0.750472	0.627896
0.703447	0.557733
0.651077	0.485529
0.594089	0.414093
0.533583	0.346114
0.470954	0.283787
0.407748	0.228576
0.345474	0.181161
0.285418	0.141532
0.228491	0.109180
0.175154	0.083290
0.125423	0.062918
0.078926	0.047115
0.035004	0.035004
-------------------------------------------
t = 2.400
Приближенное - Точное
0.960039	0.960040
0.951021	0.945431
0.939746	0.926521
0.925824	0.902414
0.908847	0.872207
0.888270	0.835093
0.863406	0.790521
0.833524	0.738370
0.797985	0.679127
0.756353	0.613997
0.708489	0.544893
0.654600	0.474256
0.595267	0.404739
0.531431	0.338833
0.464332	0.278533
0.395385	0.225142
0.326014	0.179243
0.257463	0.140791
0.190653	0.109286
0.126097	0.083956
0.063912	0.063914
-------------------------------------------
t = 2.600
Приближенное - Точное
0.975550	0.975549
0.969734	0.966395
0.962864	0.954386
0.954231	0.938811
0.943237	0.918869
0.929464	0.893701
0.912529	0.862462
0.891911	0.824427
0.866883	0.779143
0.836581	0.726595
0.800148	0.667363
0.756893	0.602709
0.706403	0.534540
0.648611	0.465229
0.583830	0.397299
0.512772	0.333081
0.436530	0.274416
0.356511	0.222487
0.274295	0.177802
0.191466	0.140291
0.109453	0.109464
-------------------------------------------
t = 2.800
Приближенное - Точное
0.985160	0.985158
0.981622	0.979512
0.977039	0.972037
0.971430	0.962231
0.964571	0.949493
0.956010	0.933123
0.945189	0.912338
0.931533	0.886315
0.914437	0.854257
0.893203	0.815509
0.866971	0.769696
0.834723	0.716886
0.795353	0.657730
0.747799	0.593527
0.691204	0.526176
0.625070	0.457982
0.549426	0.391366
0.464965	0.328529
0.373141	0.271192
0.276140	0.220443
0.176716	0.176736
-------------------------------------------
t = 3.000
Приближенное - Точное
0.991043	0.991042
0.988873	0.987596
0.986314	0.983006
0.982904	0.976939
0.978378	0.968981
0.972628	0.958630
0.965508	0.945287
0.956674	0.928262
0.945553	0.906790
0.931389	0.880076
0.913294	0.847368
0.890255	0.808066
0.861086	0.761859
0.824399	0.708882
0.778651	0.649837
0.722309	0.586050
0.654133	0.519406
0.573536	0.452156
0.480972	0.386629
0.378259	0.324926
0.268667	0.268671
-------------------------------------------
t = 3.500
Приближенное - Точное
0.997505	0.997504
0.996812	0.996528
0.996154	0.995216
0.995190	0.993465
0.993721	0.991140
0.991774	0.988069
0.989414	0.984033
0.986555	0.978759
0.982903	0.971906
0.978014	0.963056
0.971376	0.951706
0.962424	0.937266
0.950459	0.919066
0.934528	0.896377
0.913326	0.868463
0.885166	0.834650
0.848041	0.794439
0.799799	0.747635
0.738466	0.694481
0.662783	0.635765
0.572883	0.572845
-------------------------------------------
t = 4.000
Приближенное - Точное
0.999311	0.999312
0.999429	0.999041
0.999443	0.998675
0.998858	0.998184
0.997842	0.997528
0.996860	0.996657
0.996149	0.995504
0.995540	0.993983
0.994618	0.991986
0.993012	0.989372
0.990552	0.985965
0.987210	0.981540
0.982903	0.975819
0.977331	0.968457
0.969922	0.959035
0.959858	0.947053
0.946094	0.931927
0.927359	0.913002
0.902187	0.889578
0.869054	0.860953
0.826605	0.826509
-------------------------------------------
t = 4.500
Приближенное - Точное
0.999811	0.999811
1.000135	0.999736
1.000191	0.999635
0.999782	0.999499
0.999237	0.999317
0.998931	0.999074
0.998927	0.998751
0.998977	0.998323
0.998765	0.997759
0.998130	0.997017
0.997121	0.996043
0.995867	0.994769
0.994409	0.993107
0.992631	0.990944
0.990293	0.988138
0.987086	0.984508
0.982659	0.979828
0.976611	0.973815
0.968494	0.966125
0.957811	0.956337
0.943943	0.943953
-------------------------------------------
t = 5.000
Приближенное - Точное
0.999948	0.999948
1.000088	0.999928
1.000093	0.999900
0.999886	0.999862
0.999642	0.999812
0.999542	0.999744
0.999604	0.999654
0.999701	0.999535
0.999684	0.999378
0.999496	0.999170
0.999177	0.998896
0.998799	0.998537
0.998389	0.998066
0.997904	0.997451
0.997255	0.996649
0.996335	0.995606
0.995024	0.994250
0.993206	0.992492
0.990781	0.990219
0.987651	0.987285
0.983508	0.983508
-------------------------------------------